0.0
0.0
0.0
0.0
0.0
0.0
0.0
0.0
0.0
0.0
0.016657782108266933
0.028581173549679817
0.05834917390582249
0.08682758107628033
0.11245222089117876
0.13043619093297032
0.1350203574898965
0.12224010186994055
0.0921002546655964
0.04931511486817955
0.0023258228577493767
-0.039056896888184915
-0.06654871868140907
-0.07581635805798087
-0.06760883349526176
-0.047243013671297046
-0.02266697324536992
-0.0018016478418641788
0.009922374657940027
0.011024369584362592
0.004002009752804937
-0.005988237136644873
-0.013259333257865831
-0.013743216843578931
-0.006411219023243556
0.006490174491685513
0.020405640114490267
0.030234742776103433
0.0322283942866234
0.02533821490137092
0.011562320453041827
-0.004796201086679025
-0.018656721554521118
-0.02591043224448715
-0.024773652543628025
-0.01629108430636242
-0.0038499811578582357
0.008084341459200027
0.015540498083433059
0.016364069670206795
0.010847057571306495
0.0014802080356003111
-0.00804261281096575
-0.014185521076781615
-0.014806157316033686
-0.00984181574439015
-0.0012336992654013723
0.00784780101040694
0.014173348603394795
0.015593309197597313
0.011748517582946198
0.004124308408513827
-0.004541628799696834
-0.01126228621427611
-0.013847511975281335
-0.01162722441869029
-0.005614607248255861
0.0019221216438871022
0.008303607003548985
0.011386641113579975
0.010280951374473254
0.005597139066413882
-8.385394699140479E-4
-0.00667847759091693
-0.00989652129509603
-0.00947913333396723
-0.005731480870126038
-1.0984087067361648E-4
0.00533932362092111
0.008720084343410383
0.008941325698005313
0.006060727016871808
0.0012129371444746656
-0.0038339672784470508
-0.007322289225167047
-0.008115516032119397
-0.006065067990147943
-0.002016579416418269
0.0025299046014434683
0.0059716686170254146
0.007165292413952088
0.00580286941375157
0.002480172436113759
-0.0015527114240204368
-0.004856834810328503
-0.00631398730978322
-0.0055010718824757485
-0.002805234325017947
7.483387799511066E-4
0.0038827522452740014
0.005525525489850743
0.005172541957504381
0.0030374105653200763
-5.584937979889043E-5
-0.0029876216905310236
-0.004745884327177803
-0.004773394031673442
-0.0031406277805548916
-4.923311519747509E-4
0.002203289557908746
0.004006356700018161
0.0043310223008380805
0.0031329500930591236
8.997176548776603E-4
-0.0015434271232736244
-0.0033363417550531273
-0.0038849282828906685
-0.003055598698609434
-0.001200508909978741
9.874104912927957E-4
0.0027313248280512415
0.003444714854944877
0.0029267177209851003
0.0014142502685804727
-5.206178405554084E-4
-0.0021851899502655786
-0.0030127527815758687
-0.002753973457122725
-0.0015490257344753493
1.391523278228635E-4
0.0017008384616947181
0.0025984666856402223
0.0025503585002109117
0.0016169333921392075
1.6389758872117216E-4
-0.0012791037147699266
-0.002210360910150034
-0.0023294005438217243
-0.0016322624597006584
-3.991978265214654E-4
9.1596794937974E-4
0.0018517704451480902
0.0021000449016069936
0.0016060939450077104
5.76030493870938E-4
-6.069773493888027E-4
-0.0015242112201253378
-0.0018687511353688785
-0.0015471226794293545
-7.019789215020056E-4
3.484333016047121E-4
0.0012291190004739007
0.0016414458082843883
0.0014635409912035404
7.845469376149975E-4
-1.3613414258313713E-4
-9.66963605079668E-4
-0.001422965643011741
-0.0013627473690937192
-8.310780173742495E-4
-3.472168137547138E-5
7.369873641765159E-4
0.0012166388088977122
0.0012507907142148165
8.481081500608142E-4
1.688698164250273E-4
-5.378010187946682E-4
-0.0010247268511157964
-0.001132600946158678
-8.41370598197326E-4
-2.707913342690155E-4
3.6769599613346393E-4
8.487735328569696E-4
0.0010122943567280659
8.160051764197719E-4
3.4481131923796765E-4
-2.246353175533347E-4
-6.896413842304256E-4
-8.93208227291901E-4
-7.765575459258438E-4
-3.9505447467002176E-4
1.0632441979642753E-4
5.475751407877126E-4
7.779213535960253E-4
7.269344343918448E-4
4.2533525492975763E-4
-1.0362446243255543E-5
-4.2235515292712546E-4
-6.68368023423744E-4
-6.704484510790731E-4
-4.391253645926864E-4
-6.566353348527471E-5
3.1341989746345067E-4
5.659492531185082E-4
6.098855686628921E-4
4.395622742770595E-4
1.241339319944699E-4
-2.19940307465124E-4
-4.7160529445659316E-4
-5.475476189007622E-4
-4.294465876147034E-4
-1.6735140356588063E-4
1.4088934134609847E-4
3.858828361784246E-4
4.8529197162134165E-4
4.11239541887175E-4
1.974968712860003E-4
-7.511211919483945E-5
-3.090072486928114E-4
-4.245817803446314E-4
-3.8707546065646E-4
-2.1660184114687814E-4
2.1382389674385444E-5
2.40947272818745E-4
3.6653661624259817E-4
3.587820749285241E-4
2.2653346440098024E-4
2.1554767443134125E-5
-1.814687873724801E-4
-3.119776630200894E-4
-3.279015513216147E-4
-2.2898508418728357E-4
-5.4947722235456514E-5
1.301822242311514E-4
2.61470066926325E-4
2.9571303418323986E-4
2.2547178966018737E-4
8.000941869366104E-5
-8.658489849077577E-5
-2.1536352282915637E-4
-2.6325754487705974E-4
-2.1733173582279546E-4
-9.789574522589464E-5
5.009703811230626E-5
1.7382956545500153E-4
2.3136357924599628E-4
2.057317642834883E-4
1.0969022592048335E-4
-2.009165842559163E-5
-1.3689488613362634E-4
-2.00672076049467E-4
-1.9167569978232875E-4
-1.1639352357088642E-4
-4.080677220183633E-6
1.0447106258392444E-4
1.716605146426915E-4
1.7601466089388795E-4
1.1891698307902611E-4
2.3071628749915356E-5
-7.638090520758063E-5
-1.4466594266204406E-4
-1.5945891689198586E-4
-1.1807970908079613E-4
-3.7519073912193604E-5
5.238137865197231E-5
1.1990652691103997E-4
1.4259064155626775E-4
1.1460850012170261E-4
4.803484597406426E-5
-3.2183223565316243E-5
-9.7501361656315E-5
-1.2587700318675228E-4
-1.0913997398171311E-4
-5.519566115367447E-5
1.546755141903998E-5
7.748846106342842E-5
1.0968322572517706E-4
1.0222437648423185E-4
5.953677340778373E-5
-1.8996698699632133E-6
-5.984091052714285E-5
-9.428533951514825E-5
-9.433065198040114E-5
-6.154795439045649E-5
-8.859624381842728E-6
4.448116798100695E-5
7.988237670541852E-5
8.585238729942797E-5
6.167140700351245E-5
1.7145026184248657E-5
-3.129355708236053E-5
-6.660783001563732E-5
-7.711429607495474E-5
-6.0301248282925866E-5
-2.3279706479807535E-5
2.0135039642856322E-5
5.454025978628262E-5
6.8378976524009E-5
5.7784243474516604E-5
2.757004477962793E-5
-1.0844375119195438E-5
-4.3712978678704745E-5
-5.9853727064098635E-5
-5.442151318851051E-5
-3.030186940057396E-5
3.249786838490612E-6
3.412277652192383E-5
5.16972449396791E-5
5.0470968368795656E-5
3.173797824235954E-5
2.824734117844516E-6
-2.573767867976057E-5
-4.402607212015299E-5
-4.615026116243446E-5
-3.211672900353362E-5
-7.5543502555741805E-6
1.850375698250451E-5
3.6920688425873794E-5
4.164007297404848E-5
3.165150732161573E-5
1.1109387157948758E-5
-1.2351030710336615E-5
-3.0431181397130702E-5
-3.708759084205999E-5
-3.053090110600331E-5
-1.3652297428152688E-5
7.198508443958466E-6
2.458244692068916E-5
3.261004977747422E-5
2.8919428411541958E-5
1.5335450653461855E-5
-2.95843140570413E-6
-1.93788954403759E-5
-2.8298242784614982E-5
-2.6958685006970995E-5
-1.629962816707043E-5
-4.6021468179533646E-7
1.4808655779061678E-5
2.4219921840986364E-5
2.476879604409493E-5
1.667311016319151E-5
3.1488489060282947E-6
-1.0847282236439677E-5
-2.042303187218371E-5
-2.245007335170587E-5
-1.6571252325386877E-5
-5.197034437909553E-6
7.460981207543941E-6
1.6938735882253827E-5
2.0084795665871086E-5
1.6096459088638053E-5
6.690737489042551E-6
-4.6093815847215564E-6
-1.3784203162620535E-5
-1.7739043561466325E-5
-1.5338470735723684E-5
-7.711038070909165E-6
2.2478789765170874E-6
1.096514406128557E-5
1.5464533911897014E-5
1.437489148340326E-5
8.333228204168686E-6
-3.295876013452053E-7
-8.478084301812053E-6
-1.3300410324210676E-5
-1.3271895306132605E-5
-8.626237547266635E-6
-1.1930640771017893E-6
6.312379509043254E-6
1.127495620094582E-5
1.2085055316452106E-5
8.652331246571321E-6
2.367057013250728E-6
-4.451976642294333E-6
-9.407205934437482E-6
-1.0860250975100587E-5
-8.467029939928485E-6
-3.2377877555783993E-6
2.876933652262232E-6
7.708437317037105E-6
9.63461517079437E-6
8.119207090478468E-6
3.84832136329343E-6
-1.564712051567664E-6
-6.183534636046063E-6
-8.43749024571048E-6
-7.65132403606203E-6
-4.2388569448469235E-6
4.912594025555907E-7
4.83221721411538E-6
7.291368333798956E-6
7.099768194293802E-6
4.446373815695959E-6
3.6809985098000866E-7
-3.6501324598436483E-6
-6.2127969333253875E-6
-6.4952646774196175E-6
-4.504428705408493E-6
-1.0379460960231428E-6
2.6298159145795943E-6
5.213235475433176E-6
5.8633360807696E-6
4.443077069178552E-6
1.5421996081658453E-6
-1.7615234237778413E-6
-4.29985281155349E-6
-5.224789370314793E-6
-4.2888942729418686E-6
-1.9036901455590386E-6
1.033942525674098E-6
3.476259068018014E-6
4.596212582594883E-6
4.06507514106829E-6
2.143843024118583E-6
-4.3479153254607774E-7
-2.7431682561650955E-6
-3.99046745274466E-6
-3.791593015234442E-6
-2.2824646446576235E-6
-4.86843301200455E-8
2.0989904337854766E-6
3.41716710360702E-6
3.4854020219540227E-6
2.3376116577380678E-6
4.2930988128964293E-7
-1.5403541435593915E-6
-2.8831305701514064E-6
-3.160668646966434E-6
-2.3255292879241604E-6
-7.196600489065065E-7
1.0625613607554668E-6
2.3928082148475553E-6
2.829020941272206E-6
2.2606457385691703E-6
9.31813174800291E-7
-6.599783190684062E-7
-1.9486740326762045E-6
-2.4998057197075735E-6
-2.155611014607993E-6
-1.077168025788032E-6
3.2636640084369865E-7
1.551582474030626E-6
2.1803459501849888E-6
2.0213698968111686E-6
1.1663154660847128E-6
-5.515782376180991E-8
-1.2010887570208927E-6
-1.8761921681945265E-6
-1.8672601476368073E-6
-1.2089563477718223E-6
-1.6031882554167373E-7
8.957327258913037E-7
1.5913631901446667E-6
1.7011283045162105E-6
1.2138578520923396E-6
3.266580292004375E-7
-6.332871678558592E-7
-1.328572647915182E-6
-1.5294566056986933E-6
-1.1888412330124424E-6
-4.5023658514191485E-7
4.10972154579679E-7
1.0894389358847145E-6
1.3574956865344947E-6
1.1407946497412569E-6
5.371076397497671E-7
-2.2563745364158556E-7
-8.746770630836758E-7
-1.189398674590792E-6
-1.0757055057453226E-6
-5.92924711330391E-7
7.391538497284545E-8
6.842716507892803E-7
1.0283531982067447E-6
9.98707421767893E-7
6.228912043536022E-7
4.7653298931669094E-8
-5.176309243645963E-7
-8.767086058481673E-7
-9.141376469593637E-7
-6.317312543250543E-7
-1.425178306685106E-7
3.737220322411772E-7
7.360963760537282E-7
8.256013463626561E-7
6.236781105476259E-7
2.140374502015393E-7
-2.5118839929777706E-7
-6.075422847333977E-7
-7.360397885159864E-7
-6.024766444108052E-7
-2.654203908533462E-7
1.4845010067006783E-7
4.915693941968285E-7
6.47799990127061E-7
5.713969524281435E-7
2.996792922857992E-7
-6.378843870565978E-8
-3.8829134350586363E-7
-5.627038539548486E-7
-5.33256396690136E-7
-3.1960064637828395E-7
-4.58396705644426E-9
2.974957600121498E-7
4.821152611642786E-7
4.904477835369556E-7
3.277260515202991E-7
5.84661977574078E-8
-2.1871788492447737E-7
-4.070039517475208E-7
